X	Y
0.00000	40373.074
0.00667	40351.699
0.01333	40346.059
0.02000	40282.273
0.02667	40251.934
0.03333	40224.109
0.04000	40191.074
0.04667	40158.035
0.05333	40117.332
0.06000	40073.602
0.06667	40058.891
0.07333	40019.957
0.08000	39987.793
0.08667	39946.102
0.09333	39933.234
0.10000	39887.668
0.10667	39879.891
0.11333	39800.832
0.12000	39727.625
0.12667	39633.168
0.13333	39624.293
0.14000	39581.410
0.14667	39553.191
0.15333	39479.250
0.16000	39436.648
0.16667	39392.141
0.17333	39367.176
0.18000	39332.559
0.18667	39271.285
0.19333	39247.398
0.20000	39211.793
0.20667	39134.418
0.21333	39123.367
0.22000	39061.816
0.22667	39041.367
0.23333	39003.699
0.24000	38943.000
0.24667	38915.199
0.25333	38876.840
0.26000	38813.117
0.26667	38749.199
0.27333	38710.285
0.28000	38678.449
0.28667	38598.082
0.29333	38555.324
0.30000	38495.426
0.30667	38484.934
0.31333	38417.266
0.32000	38362.051
0.32667	38294.734
0.33333	38230.008
0.34000	38222.934
0.34667	38188.258
0.35333	38096.668
0.36000	38025.551
0.36667	37965.617
0.37333	37909.918
0.38000	37836.859
0.38667	37806.035
0.39333	37725.207
0.40000	37639.168
0.40667	37584.352
0.41333	37519.215
0.42000	37444.641
0.42667	37392.582
0.43333	37318.809
0.44000	37244.715
0.44667	37171.234
0.45333	37115.715
0.46000	37045.625
0.46667	36936.465
0.47333	36893.609
0.48000	36805.176
0.48667	36693.891
0.49333	36628.707
0.50000	36551.418
0.50667	36503.949
0.51333	36423.051
0.52000	36353.102
0.52667	36274.500
0.53333	36222.160
0.54000	36143.941
0.54667	36083.125
0.55333	36034.043
0.56000	35945.984
0.56667	35866.102
0.57333	35809.957
0.58000	35740.715
0.58667	35656.168
0.59333	35568.941
0.60000	35497.883
0.60667	35391.508
0.61333	35332.727
0.62000	35239.523
0.62667	35123.082
0.63333	35071.199
0.64000	34980.965
0.64667	34935.074
0.65333	34866.633
0.66000	34763.102
0.66667	34638.691
0.67333	34558.324
0.68000	34457.309
0.68667	34422.984
0.69333	34337.465
0.70000	34286.465
0.70667	34255.426
0.71333	34129.609
0.72000	34089.090
0.72667	34016.426
0.73333	33946.691
0.74000	33874.117
0.74667	33790.066
0.75333	33713.617
0.76000	33663.625
0.76667	33572.758
0.77333	33487.785
0.78000	33435.824
0.78667	33333.207
0.79333	33290.543
0.80000	33224.965
0.80667	33124.633
0.81333	33014.609
0.82000	32943.992
0.82667	32855.648
0.83333	32778.590
0.84000	32700.449
0.84667	32632.117
0.85333	32550.434
0.86000	32471.375
0.86667	32403.334
0.87333	32329.617
0.88000	32223.291
0.88667	32128.518
0.89333	32005.600
0.90000	31947.699
0.90667	31848.334
0.91333	31802.383
0.92000	31711.482
0.92667	31615.117
0.93333	31562.475
0.94000	31483.133
0.94667	31404.666
0.95333	31329.768
0.96000	31236.434
0.96667	31180.982
0.97333	31070.107
0.98000	30973.592
0.98667	30896.816
0.99333	30813.816
1.00000	30744.992
1.00667	30668.742
1.01333	30585.375
1.02000	30490.834
1.02667	30410.309
1.03333	30323.133
1.04000	30241.684
1.04667	30139.184
1.05333	30049.617
1.06000	29979.867
1.06667	29875.117
1.07333	29760.459
1.08000	29679.100
1.08667	29586.209
1.09333	29484.967
1.10000	29370.242
1.10667	29240.574
1.11333	29138.691
1.12000	29012.676
1.12667	28903.658
1.13333	28745.883
1.14000	28599.375
1.14667	28448.125
1.15333	28290.475
1.16000	28163.025
1.16667	27983.850
1.17333	27822.574
1.18000	27687.592
1.18667	27546.275
1.19333	27361.883
1.20000	27192.709
1.20667	27041.643
1.21333	26871.074
1.22000	26650.926
1.22667	26469.959
1.23333	26343.008
1.24000	26165.676
1.24667	26026.066
1.25333	25834.775
1.26000	25676.225
1.26667	25547.100
1.27333	25359.875
1.28000	25184.625
1.28667	25017.750
1.29333	24847.742
1.30000	24659.834
1.30667	24501.717
1.31333	24319.393
1.32000	24160.908
1.32667	23998.916
1.33333	23816.250
1.34000	23625.508
1.34667	23429.959
1.35333	23218.033
1.36000	23017.592
1.36667	22794.801
1.37333	22573.691
1.38000	22334.834
1.38667	22141.275
1.39333	21904.441
1.40000	21664.301
1.40667	21429.676
1.41333	21206.342
1.42000	20949.758
1.42667	20669.492
1.43333	20403.383
1.44000	20091.809
1.44667	19813.133
1.45333	19517.676
1.46000	19181.875
1.46667	18854.551
1.47333	18559.500
1.48000	18231.426
1.48667	17886.166
1.49333	17577.533
1.50000	17203.525
1.50667	16820.209
1.51333	16506.607
1.52000	16146.950
1.52667	15814.542
1.53333	15417.100
1.54000	15083.642
1.54667	14728.325
1.55333	14356.467
1.56000	14017.417
1.56667	13664.042
1.57333	13315.958
1.58000	12970.700
1.58667	12630.025
1.59333	12290.759
1.60000	11966.300
1.60667	11624.708
1.61333	11356.741
1.62000	11046.408
1.62667	10737.217
1.63333	10442.408
1.64000	10188.283
1.64667	9915.366
1.65333	9662.458
1.66000	9424.634
1.66667	9187.333
1.67333	8948.517
1.68000	8731.066
1.68667	8530.967
1.69333	8351.958
1.70000	8170.208
1.70667	7983.275
1.71333	7833.225
1.72000	7697.858
1.72667	7556.583
1.73333	7424.683
1.74000	7308.542
1.74667	7180.350
1.75333	7108.792
1.76000	7028.008
1.76667	6967.108
1.77333	6889.217
1.78000	6862.067
1.78667	6800.400
1.79333	6799.142
1.80000	6776.350
1.80667	6759.350
1.81333	6780.317
1.82000	6820.317
1.82667	6851.650
1.83333	6896.800
1.84000	6965.450
1.84667	7030.308
1.85333	7116.133
1.86000	7183.725
1.86667	7296.000
1.87333	7381.342
1.88000	7491.783
1.88667	7579.708
1.89333	7661.925
1.90000	7730.208
1.90667	7801.975
1.91333	7843.667
1.92000	7872.375
1.92667	7879.458
1.93333	7887.833
1.94000	7846.308
1.94667	7781.200
1.95333	7711.550
1.96000	7626.133
1.96667	7534.017
1.97333	7426.708
1.98000	7295.458
1.98667	7164.492
1.99333	7033.625
2.00000	6909.467
2.00667	6798.525
2.01333	6684.458
2.02000	6595.742
2.02667	6500.025
2.03333	6446.883
2.04000	6396.642
2.04667	6330.675
2.05333	6305.317
2.06000	6282.392
2.06667	6242.758
2.07333	6267.425
2.08000	6274.200
2.08667	6293.417
2.09333	6324.733
2.10000	6364.583
2.10667	6419.300
2.11333	6463.908
2.12000	6539.608
2.12667	6624.417
2.13333	6720.383
2.14000	6819.725
2.14667	6949.075
2.15333	7049.442
2.16000	7191.792
2.16667	7331.067
2.17333	7475.675
2.18000	7631.067
2.18667	7786.833
2.19333	7962.700
2.20000	8150.708
2.20667	8327.184
2.21333	8542.608
2.22000	8756.783
2.22667	8983.750
2.23333	9217.750
2.24000	9470.575
2.24667	9739.708
2.25333	10001.950
2.26000	10288.108
2.26667	10587.833
2.27333	10862.592
2.28000	11167.559
2.28667	11489.509
2.29333	11784.583
2.30000	12107.100
2.30667	12421.292
2.31333	12781.075
2.32000	13136.542
2.32667	13508.767
2.33333	13859.259
2.34000	14216.733
2.34667	14586.417
2.35333	14961.958
2.36000	15353.142
2.36667	15738.967
2.37333	16105.691
2.38000	16488.416
2.38667	16874.926
2.39333	17246.625
2.40000	17597.258
2.40667	17940.092
2.41333	18340.684
2.42000	18682.709
2.42667	19062.066
2.43333	19421.309
2.44000	19750.176
2.44667	20070.518
2.45333	20377.000
2.46000	20715.625
2.46667	20990.324
2.47333	21323.117
2.48000	21613.607
2.48667	21881.084
2.49333	22168.059
2.50000	22421.633
2.50667	22721.232
2.51333	22989.959
2.52000	23254.449
2.52667	23507.416
2.53333	23761.643
2.54000	24003.350
2.54667	24219.742
2.55333	24443.084
2.56000	24669.758
2.56667	24882.383
2.57333	25099.217
2.58000	25330.934
2.58667	25541.816
2.59333	25750.875
2.60000	25956.508
2.60667	26146.225
2.61333	26377.334
2.62000	26584.383
2.62667	26807.959
2.63333	26965.574
2.64000	27141.184
2.64667	27342.742
2.65333	27502.275
2.66000	27659.574
2.66667	27836.059
2.67333	27998.393
2.68000	28177.400
2.68667	28377.541
2.69333	28507.816
2.70000	28665.250
2.70667	28707.658
2.71333	28858.084
2.72000	29015.107
2.72667	29179.750
2.73333	29234.676
2.74000	29358.717
2.74667	29473.400
2.75333	29578.941
2.76000	29689.750
2.76667	29792.691
2.77333	29879.783
2.78000	29963.416
2.78667	30034.650
2.79333	30154.926
2.80000	30266.975
2.80667	30387.949
2.81333	30454.566
2.82000	30532.717
2.82667	30617.592
2.83333	30714.975
2.84000	30788.791
2.84667	30895.268
2.85333	30971.117
2.86000	31034.342
2.86667	31120.775
2.87333	31222.824
2.88000	31256.143
2.88667	31316.916
2.89333	31394.607
2.90000	31461.617
2.90667	31559.107
2.91333	31664.107
2.92000	31737.857
2.92667	31815.434
2.93333	31883.775
2.94000	31962.551
2.94667	32033.434
2.95333	32122.801
2.96000	32216.875
2.96667	32250.191
2.97333	32335.475
2.98000	32455.275
2.98667	32484.467
2.99333	32603.018
3.00000	32663.176
3.00667	32718.191
3.01333	32794.090
3.02000	32894.102
3.02667	32975.750
3.03333	33036.242
3.04000	33093.477
3.04667	33173.082
3.05333	33244.824
3.06000	33298.742
3.06667	33372.859
3.07333	33483.090
3.08000	33541.215
3.08667	33603.566
3.09333	33716.859
3.10000	33822.234
3.10667	33917.410
3.11333	33965.090
3.12000	34039.566
3.12667	34111.250
3.13333	34185.184
3.14000	34273.242
3.14667	34362.449
3.15333	34436.484
3.16000	34523.117
3.16667	34596.125
3.17333	34679.176
3.18000	34744.816
3.18667	34825.801
3.19333	34899.676
3.20000	34985.574
3.20667	35027.559
3.21333	35087.875
3.22000	35152.809
3.22667	35267.684
3.23333	35338.434
3.24000	35412.133
3.24667	35478.340
3.25333	35502.082
3.26000	35603.168
3.26667	35670.758
3.27333	35782.699
3.28000	35859.684
3.28667	35886.727
3.29333	35981.750
3.30000	36068.426
3.30667	36156.977
3.31333	36213.449
3.32000	36291.949
3.32667	36357.684
3.33333	36426.375
3.34000	36514.250
3.34667	36578.133
3.35333	36628.859
3.36000	36680.023
3.36667	36755.941
3.37333	36814.398
3.38000	36877.184
3.38667	36917.066
3.39333	36976.035
3.40000	37077.773
3.40667	37147.965
3.41333	37154.883
3.42000	37195.117
3.42667	37270.875
3.43333	37331.750
3.44000	37368.582
3.44667	37452.367
3.45333	37499.992
3.46000	37546.316
3.46667	37578.633
3.47333	37608.418
3.48000	37682.992
3.48667	37755.168
3.49333	37847.125
3.50000	37885.766
3.50667	37964.590
3.51333	38010.059
3.52000	38062.168
3.52667	38092.523
3.53333	38188.207
3.54000	38228.668
3.54667	38275.383
3.55333	38369.008
3.56000	38405.176
3.56667	38460.758
3.57333	38476.535
3.58000	38538.516
3.58667	38563.293
3.59333	38643.891
3.60000	38705.852
3.60667	38806.750
3.61333	38852.375
3.62000	38870.484
3.62667	38881.949
3.63333	38922.617
3.64000	38966.109
3.64667	39052.852
3.65333	39096.793
3.66000	39139.008
3.66667	39155.559
3.67333	39258.082
3.68000	39279.398
3.68667	39295.484
3.69333	39355.816
3.70000	39363.285
3.70667	39360.727
3.71333	39421.332
3.72000	39487.133
3.72667	39551.633
3.73333	39586.266
3.74000	39634.418
3.74667	39654.309
3.75333	39691.434
3.76000	39734.449
3.76667	39786.191
3.77333	39804.148
3.78000	39839.523
3.78667	39879.309
3.79333	39913.559
3.80000	39939.465
3.80667	39947.766
3.81333	40011.715
3.82000	40021.324
3.82667	40046.750
3.83333	40075.008
3.84000	40089.176
3.84667	40135.016
3.85333	40146.773
3.86000	40178.035
